20000
20000
1000
20 0 0
15 5 0
10 0 5
25 10 0
30 0 10
18 6 0
22 0 6
14 7 0
26 0 7
12 8 0
28 0 8
16 4 0
24 9 0
32 0 9
21 7 0
19 3 0
23 0 3
27 11 0
29 0 11
31 12 0
33 0 12
35 13 0
37 0 13
39 14 0
41 0 14
43 15 0
45 0 15
47 16 0
49 0 16
51 17 0
53 0 17
55 18 0
57 0 18
59 19 0
61 0 19
63 20 0
65 0 20
67 21 0
69 0 21
71 22 0
73 0 22
75 23 0
77 0 23
79 24 0
81 0 24
83 25 0
85 0 25
87 26 0
89 0 26
91 27 0
93 0 27
95 28 0
97 0 28
99 29 0
101 0 29
103 30 0
105 0 30
107 31 0
109 0 31
111 32 0
113 0 32
115 33 0
117 0 33
119 34 0
121 0 34
123 35 0
125 0 35
127 36 0
129 0 36
131 37 0
133 0 37
135 38 0
137 0 38
139 39 0
141 0 39
143 40 0
145 0 40
147 41 0
149 0 41
151 42 0
153 0 42
155 43 0
157 0 43
159 44 0
161 0 44
163 45 0
165 0 45
167 46 0
169 0 46
171 47 0
173 0 47
175 48 0
177 0 48
179 49 0
181 0 49
183 50 0
185 0 50
187 51 0
189 0 51
191 52 0
193 0 52
195 53 0
197 0 53
199 54 0
201 0 54
203 55 0
205 0 55
207 56 0
209 0 56
211 57 0
213 0 57
215 58 0
217 0 58
219 59 0
221 0 59
223 60 0
225 0 60
227 61 0
229 0 61
231 62 0
233 0 62
235 63 0
237 0 63
239 64 0
241 0 64
243 65 0
245 0 65
247 66 0
249 0 66
251 67 0
253 0 67
255 68 0
257 0 68
259 69 0
261 0 69
263 70 0
265 0 70
267 71 0
269 0 71
271 72 0
273 0 72
275 73 0
277 0 73
279 74 0
281 0 74
283 75 0
285 0 75
287 76 0
289 0 76
291 77 0
293 0 77
295 78 0
297 0 78
299 79 0
301 0 79
303 80 0
305 0 80
307 81 0
309 0 81
311 82 0
313 0 82
315 83 0
317 0 83
319 84 0
321 0 84
323 85 0
325 0 85
327 86 0
329 0 86
331 87 0
333 0 87
335 88 0
337 0 88
339 89 0
341 0 89
343 90 0
345 0 90
347 91 0
349 0 91
351 92 0
353 0 92
355 93 0
357 0 93
359 94 0
361 0 94
363 95 0
365 0 95
367 96 0
369 0 96
371 97 0
373 0 97
375 98 0
377 0 98
379 99 0
381 0 99
383 100 0
385 0 100
387 101 0
389 0 101
391 102 0
393 0 102
395 103 0
397 0 103
399 104 0
401 0 104
403 105 0
405 0 105
407 106 0
409 0 106
411 107 0
413 0 107
415 108 0
417 0 108
419 109 0
421 0 109
423 110 0
425 0 110
427 111 0
429 0 111
431 112 0
433 0 112
435 113 0
437 0 113
439 114 0
441 0 114
443 115 0
445 0 115
447 116 0
449 0 116
451 117 0
453 0 117
455 118 0
457 0 118
459 119 0
461 0 119
463 120 0
465 0 120
467 121 0
469 0 121
471 122 0
473 0 122
475 123 0
477 0 123
479 124 0
481 0 124
483 125 0
485 0 125
487 126 0
489 0 126
491 127 0
493 0 127
495 128 0
497 0 128
499 129 0
501 0 129
503 130 0
505 0 130
507 131 0
509 0 131
511 132 0
513 0 132
515 133 0
517 0 133
519 134 0
521 0 134
523 135 0
525 0 135
527 136 0
529 0 136
531 137 0
533 0 137
535 138 0
537 0 138
539 139 0
541 0 139
543 140 0
545 0 140
547 141 0
549 0 141
551 142 0
553 0 142
555 143 0
557 0 143
559 144 0
561 0 144
563 145 0
565 0 145
567 146 0
569 0 146
571 147 0
573 0 147
575 148 0
577 0 148
579 149 0
581 0 149
583 150 0
585 0 150
587 151 0
589 0 151
591 152 0
593 0 152
595 153 0
597 0 153
599 154 0
601 0 154
603 155 0
605 0 155
607 156 0
609 0 156
611 157 0
613 0 157
615 158 0
617 0 158
619 159 0
621 0 159
623 160 0
625 0 160
627 161 0
629 0 161
631 162 0
633 0 162
635 163 0
637 0 163
639 164 0
641 0 164
643 165 0
645 0 165
647 166 0
649 0 166
651 167 0
653 0 167
655 168 0
657 0 168
659 169 0
661 0 169
663 170 0
665 0 170
667 171 0
669 0 171
671 172 0
673 0 172
675 173 0
677 0 173
679 174 0
681 0 174
683 175 0
685 0 175
687 176 0
689 0 176
691 177 0
693 0 177
695 178 0
697 0 178
699 179 0
701 0 179
703 180 0
705 0 180
707 181 0
709 0 181
711 182 0
713 0 182
715 183 0
717 0 183
719 184 0
721 0 184
723 185 0
725 0 185
727 186 0
729 0 186
731 187 0
733 0 187
735 188 0
737 0 188
739 189 0
741 0 189
743 190 0
745 0 190
747 191 0
749 0 191
751 192 0
753 0 192
755 193 0
757 0 193
759 194 0
761 0 194
763 195 0
765 0 195
767 196 0
769 0 196
771 197 0
773 0 197
775 198 0
777 0 198
779 199 0
781 0 199
783 200 0
785 0 200
787 201 0
789 0 201
791 202 0
793 0 202
795 203 0
797 0 203
799 204 0
801 0 204
803 205 0
805 0 205
807 206 0
809 0 206
811 207 0
813 0 207
815 208 0
817 0 208
819 209 0
821 0 209
823 210 0
825 0 210
827 211 0
829 0 211
831 212 0
833 0 212
835 213 0
837 0 213
839 214 0
841 0 214
843 215 0
845 0 215
847 216 0
849 0 216
851 217 0
853 0 217
855 218 0
857 0 218
859 219 0
861 0 219
863 220 0
865 0 220
867 221 0
869 0 221
871 222 0
873 0 222
875 223 0
877 0 223
879 224 0
881 0 224
883 225 0
885 0 225
887 226 0
889 0 226
891 227 0
893 0 227
895 228 0
897 0 228
899 229 0
901 0 229
903 230 0
905 0 230
907 231 0
909 0 231
911 232 0
913 0 232
915 233 0
917 0 233
919 234 0
921 0 234
923 235 0
925 0 235
927 236 0
929 0 236
931 237 0
933 0 237
935 238 0
937 0 238
939 239 0
941 0 239
943 240 0
945 0 240
947 241 0
949 0 241
951 242 0
953 0 242
955 243 0
957 0 243
959 244 0
961 0 244
963 245 0
965 0 245
967 246 0
969 0 246
971 247 0
973 0 247
975 248 0
977 0 248
979 249 0
981 0 249
983 250 0
985 0 250
987 251 0
989 0 251
991 252 0
993 0 252
995 253 0
997 0 253
999 254 0
